iso 125660 PL Kraków 4
  M   MDBT MINDBT MAXDBT  MSKYT      ITH      IDH      ISH    I_N_0  I_N__30  I_NE_30  I_E__30  I_SE_30  I_S__30  I_SW_30  I_W__30  I_NW_30  I_N__45  I_NE_45  I_E__45  I_SE_45  I_S__45  I_SW_45  I_W__45  I_NW_45  I_N__60  I_NE_60  I_E__60  I_SE_60  I_S__60  I_SW_60  I_W__60  I_NW_60  I_N__90  I_NE_90  I_E__90  I_SE_90  I_S__90  I_SW_90  I_W__90  I_NW_90
  1   -1.3  -16.5   12.5  -10.9    27217     5758    21458    27217    21458    21967    26960    32815    34965    32124    25959    21754    21458    21483    26441    34538    37578    33561    25333    21478    21458    21458    25895    35369    39093    34173    24618    21458    21458    21458    24297    34196    38496    32816    23321    21458
  2   -2.6  -20.2    9.0  -12.0    37262    11566    25696    37262    25732    29381    37304    44804    47130    42769    34548    28228    25696    27270    36617    46731    50022    43853    33190    26727    25696    26324    35477    47225    51255    43700    31943    26170    25696    25732    32403    43974    48531    39844    29525    25792
  3    3.2   -6.1   15.2   -5.7    66879    15127    51752    66879    54683    59861    67500    73744    75038    70395    63180    57054    51777    57105    66855    75080    76853    70373    61460    54432    51752    55344    65600    74879    76958    69408    59923    53311    51752    53387    61564    70145    72123    64414    56787    52363
  4    8.3   -1.8   22.1   -0.7   107159    38728    68431   107159    87359    92000   103103   112451   116582   112669   103592    92652    75166    84989   100021   111525   116480   111805   100600    85909    69418    80228    96253   108246   113103   108430    96921    81353    68471    74482    86903    95765    97694    95789    87813    75744
  5   13.4    4.1   23.6    4.7   160845    71186    89659   160845   137926   144795   156970   164285   164689   158943   149582   139092   121070   133492   152256   160323   158919   153530   143323   126468   102505   124149   145707   152785   148429   145421   136278   117163    92092   110202   127992   129602   118855   123352   119825   104902
  6   18.2    8.8   32.9   11.0   162168    62371    99797   162168   144958   145838   153130   159344   162666   162230   157105   149264   131378   134318   146943   153999   156595   157355   151706   138587   115647   125077   140149   146447   146849   149662   145018   129595   103163   112527   124431   126310   120871   128476   129276   117215
  7   17.5    8.0   29.3    9.9   155488    52235   103252   155488   141131   143752   150867   155071   155849   154050   149353   142837   129781   135373   147026   151486   150740   150099   145173   134082   116635   128447   142218   145887   142619   144089   140085   127285   106628   117855   129310   129214   121346   127333   127997   117879
  8   17.5    9.1   31.9   10.0   130632    52314    78318   130632   108893   114615   126673   135528   138354   133601   123994   112598    94478   105829   122998   133416   136142   130946   119363   103247    82452    98985   118085   128543   129989   125583   114091    96789    78914    89734   104926   111512   108374   108649   102215    88764
  9   13.8    4.1   26.5    5.6    87335    24826    62508    87335    71689    75806    84446    92489    96329    92956    84881    76019    63772    71021    82238    92420    97486    93033    82600    71158    62512    67935    79579    90478    96260    91151    79852    68313    62508    64818    73300    82210    87148    82703    73954    65250
 10    9.3   -1.6   23.8    1.0    54470    13640    40829    54470    41578    44602    51248    59409    64183    62196    54786    46497    40829    42441    49812    60044    66796    63986    54061    44032    40829    41580    48408    59407    67639    64199    52899    42772    40829    41042    45452    55086    63911    60151    49393    41552
 11    1.9  -15.9   18.5   -7.3    30835     7732    23103    30835    23103    23590    28811    36331    40140    37892    30914    24340    23103    23145    27686    37808    43195    40016    30338    23417    23103    23112    26852    38282    44881    40986    29570    23201    23103    23103    25222    36166    43785    39289    27430    23103
 12   -0.8  -12.5   13.3  -10.2    25242     7041    18201    25242    18201    18292    23476    31990    35999    33154    25123    18369    18201    18201    22412    34056    39726    35703    24530    18201    18201    18201    21576    35042    41986    37059    23609    18201    18201    18201    20030    33582    41600    35911    21677    18201

Œrednia roczna temperatura termometru suchego:    8.2
Minimalna œrednia miesiêczna temperatura termometru suchego:   -2.6
Maksymalna œrednia miesiêczna temperatura termometru suchego:   18.2
Roczna amplituda œredniej miesiêcznej temperatury termometru suchego:   10.4
