iso 121400 PL Gdañsk 4
  M   MDBT MINDBT MAXDBT  MSKYT      ITH      IDH      ISH    I_N_0  I_N__30  I_NE_30  I_E__30  I_SE_30  I_S__30  I_SW_30  I_W__30  I_NW_30  I_N__45  I_NE_45  I_E__45  I_SE_45  I_S__45  I_SW_45  I_W__45  I_NW_45  I_N__60  I_NE_60  I_E__60  I_SE_60  I_S__60  I_SW_60  I_W__60  I_NW_60  I_N__90  I_NE_90  I_E__90  I_SE_90  I_S__90  I_SW_90  I_W__90  I_NW_90
  1    2.0  -12.2   11.0   -8.2    25484     3016    22468    25484    22468    22484    25307    28931    30298    28610    24853    22477    22468    22468    24922    30046    31980    29592    24280    22468    22468    22468    24487    30645    33014    30089    23857    22468    22468    22468    23342    30168    32904    29526    22888    22468
  2    1.2   -5.0    7.4   -7.5    26480     5769    20710    26480    20710    21530    26125    31312    33245    30763    25334    21309    20710    20883    25626    32717    35451    31940    24672    20845    20710    20719    24984    33304    36652    32352    24010    20747    20710    20712    23382    31926    35787    30823    22605    20716
  3    3.5   -4.1   16.4   -5.3    55101    11332    43769    55101    45429    49181    55231    60432    61757    58295    52353    47396    43769    46915    54521    61495    63342    58453    50888    45439    43769    45650    53380    61388    63593    57758    49607    44686    43769    44440    50164    57820    60117    53863    47142    44123
  4    7.7    0.6   21.3   -1.7    96559    32830    63728    96559    77940    83201    93893   103152   106380   101426    91641    81687    67095    76451    90749   102785   107053   100487    87956    74907    64039    72089    86964   100107   104773    97349    83992    70855    63730    67449    78201    88603    92169    85932    75900    66866
  5   10.7    4.2   21.7    1.7   134549    48205    86343   134549   114917   119032   128931   137772   141265   137387   128331   118575   101799   109117   123589   134757   139066   134304   122874   108459    90164   101794   117501   129196   133290   128605   116718   101054    86904    93539   104659   112032   113253   111718   104019    92948
  6   15.5    9.6   27.9    7.9   130772    35989    94782   130772   118852   121625   127470   131924   133049   130481   125393   120237   110192   114889   124037   129405   130280   127526   121641   113059   100670   109614   120083   125269   125226   123126   117478   107802    95932   102499   110574   113022   110129   111150   108611   101595
  7   18.7    9.2   28.1   10.3   148162    51216    96946   148162   129510   134363   143886   151276   153091   148612   140178   131588   116488   124508   138778   148084   149835   144675   134393   121098   103194   116760   132799   142215   143096   138426   128052   113377    98105   107048   118976   124181   121686   120934   115034   104720
  8   16.3   10.4   29.6    8.2   109519    28137    81382   109519    95578    99234   106916   113579   115921   112431   105333    98080    86894    93522   104117   112591   115663   111110   102004    92029    82158    89453   100767   109887   113068   108093    98446    88185    81443    84969    92993    99881   101785    98209    91374    84351
  9   14.5    6.2   22.6    6.4    69648    13852    55796    69648    59751    62178    67625    73152    75833    73819    68561    62753    55905    59507    66168    73278    76963    74240    67378    59971    55796    58137    64585    72295    76649    73494    65885    58403    55796    56863    61315    67572    71878    68886    62236    56852
 10    8.7   -1.4   18.9   -0.2    47849    14893    32955    47849    33203    35896    44309    55284    61078    57954    47858    37404    32955    34016    42482    56823    65018    60600    46843    34840    32955    33379    40913    56736    66772    61371    45486    33828    32955    33013    37693    52032    63405    57215    41470    33172
 11    4.0   -7.2   12.1   -4.9    22169     2869    19299    22169    19299    19338    21568    25033    26598    25343    22003    19399    19299    19299    21127    25923    28135    26360    21669    19302    19299    19299    20671    26361    29071    26897    21202    19299    19299    19299    19982    25797    28926    26416    20420    19299
 12    1.9   -8.3   12.0   -7.3    20058        0    20058    20058    20058    20058    20058    20058    20058    20058    20058    20058    20058    20058    20058    20058    20058    20058    20058    20058    20058    20058    20058    20058    20058    20058    20058    20058    20058    20058    20058    20058    20058    20058    20058    20058

Œrednia roczna temperatura termometru suchego:    8.7
Minimalna œrednia miesiêczna temperatura termometru suchego:    1.2
Maksymalna œrednia miesiêczna temperatura termometru suchego:   18.7
Roczna amplituda œredniej miesiêcznej temperatury termometru suchego:    8.8
